education_slice,precision,recall,f1
HS-grad,0.48760330578512395,0.18849840255591055,0.271889400921659
11th,1.0,0.0,0.0
Some-college,0.65625,0.3583617747440273,0.4635761589403974
Masters,0.7766497461928934,0.8181818181818182,0.7968750000000001
Bachelors,0.7251585623678647,0.8127962085308057,0.7664804469273744
5th-6th,1.0,0.0,0.0
Doctorate,0.8095238095238095,0.9272727272727272,0.864406779661017
10th,1.0,0.0,0.0
Assoc-acdm,0.6666666666666666,0.32786885245901637,0.4395604395604395
12th,1.0,0.16666666666666666,0.2857142857142857
7th-8th,1.0,0.0,0.0
9th,1.0,0.0,0.0
Assoc-voc,0.625,0.5303030303030303,0.5737704918032787
Prof-school,0.8732394366197183,0.8266666666666667,0.8493150684931506
1st-4th,1.0,0.0,0.0
Preschool,1.0,1.0,1.0
