education_slice,precision,recall,f1
Masters,0.8359788359788359,0.8359788359788359,0.8359788359788359
HS-grad,0.6195121951219512,0.3768545994065282,0.4686346863468635
Assoc-voc,0.75,0.39759036144578314,0.5196850393700787
Some-college,0.6595744680851063,0.5615942028985508,0.6066536203522505
11th,1.0,0.25,0.4
Assoc-acdm,0.6666666666666666,0.5185185185185185,0.5833333333333334
Prof-school,0.8928571428571429,0.8620689655172413,0.8771929824561403
12th,1.0,0.0,0.0
Bachelors,0.774712643678161,0.7676537585421412,0.7711670480549199
7th-8th,0.8,0.4444444444444444,0.5714285714285714
10th,0.5,0.16666666666666666,0.25
1st-4th,1.0,0.5,0.6666666666666666
9th,1.0,0.0,0.0
5th-6th,1.0,0.0,0.0
Doctorate,0.8688524590163934,0.8833333333333333,0.8760330578512396
Preschool,0.0,1.0,0.0
