education_slice,precision,recall,f1
HS-grad,0.5852534562211982,0.40705128205128205,0.48015122873345933
Some-college,0.6990291262135923,0.5647058823529412,0.6247288503253797
7th-8th,1.0,0.3333333333333333,0.5
Bachelors,0.7359413202933985,0.745049504950495,0.7404674046740467
10th,0.3333333333333333,0.07692307692307693,0.125
11th,1.0,0.42857142857142855,0.6
9th,1.0,0.25,0.4
Assoc-voc,0.6851851851851852,0.5,0.5781250000000001
Assoc-acdm,0.6666666666666666,0.6,0.631578947368421
Masters,0.8511627906976744,0.8672985781990521,0.8591549295774648
Doctorate,0.7777777777777778,0.8936170212765957,0.8316831683168316
5th-6th,1.0,0.0,0.0
12th,0.3333333333333333,0.2,0.25
Prof-school,0.8539325842696629,0.9743589743589743,0.9101796407185628
1st-4th,1.0,0.0,0.0
Preschool,1.0,1.0,1.0
