education_slice,precision,recall,f1
HS-grad,0.4603174603174603,0.3504531722054381,0.3979416809605489
Bachelors,0.6956521739130435,0.7182044887780549,0.7067484662576686
Some-college,0.5416666666666666,0.4642857142857143,0.5
Masters,0.7670454545454546,0.7941176470588235,0.7803468208092487
10th,0.3333333333333333,0.125,0.18181818181818182
Assoc-acdm,0.6904761904761905,0.5272727272727272,0.5979381443298969
1st-4th,1.0,0.3333333333333333,0.5
Assoc-voc,0.6545454545454545,0.42857142857142855,0.5179856115107914
11th,0.0,0.0,0.0
5th-6th,0.0,0.0,0.0
Prof-school,0.8588235294117647,0.8295454545454546,0.8439306358381502
Doctorate,0.8412698412698413,0.8412698412698413,0.8412698412698413
7th-8th,0.0,0.0,0.0
9th,0.0,0.0,0.0
12th,0.42857142857142855,0.5,0.4615384615384615
Preschool,1.0,1.0,1.0
